1	2	2	44
1	3	3	12	19	43
1	4	4	5	13	14	46	30
1	5	6	45	43
1	8	49
2	1	8	2	12	7	43	45	30
2	5	6	45	46
3	1	3	11	32	44
3	11	48
3	33	65
3	79	5	14
4	1	4	45
4	5	6	43	44	29
4	7	5	46	30
4	8	49
5	4	9	43	30
5	300	6	7	8	45
5	5	44	46
6	1	2	45
6	4	9	43	44	30
6	5	6	46
7	1	12
7	4	4	45
7	5	6	43	44
7	8	5	15	16	46	30
7	24	47	14	30
8	5	6	43	44	46
8	1	12
8	7	4	13	45
8	301	3	5	19	30
9	302	11	12
9	10	17	18	19	44
9	14	31
9	11	51
10	9	11	20	21	43
10	11	19	22	44	51
10	14	31
11	310	49
11	10	17	18	23	24	43
11	12	25	305	19	29	44
11	3	48
11	14	31
12	310	49
12	11	30	43	51
12	13	19	29	44
12	14	31
13	310	49
13	11	51
13	12	25	305	43
13	14	23	31	44
14	310	49
14	11	51
14	13	23	43
14	303	30	31	34
14	16	33	44
15	18	36	46
15	17	7	38	44
15	19	10	30	45
15	304	29	31	34	35	23	43
15	34	55
15	62	69
16	14	1
17	15	8	38	43
17	305	7
17	306	40	41	42	44	19	39
18	15	38	11	8	45
19	15	10	29	43
19	307	45	36
19	308	46	37
19	309	44	7
19	74	66
20	26	1
21	26	1
22	15	1
23	8	1
24	7	1
25	9	1
27	17	8	11	38
27	40	45
27	41	44
28	19	38	11	46
28	33	45
28	36	30	52
29	19	38	11	45
30	19	38	11	43
30	62	44	29
31	17	1
32	19	1
33	3	65
33	28	46
33	34	43	53	54
33	35	44
34	33	30
34	15	29
35	33	43	55
36	37	43	17
36	28	29	52
36	39	44
37	36	44	17
37	38	30	31	56
38	37	56	29
39	36	43
39	64	30	52	58
39	65	70
40	41	1
41	42	46	29	23	56
41	27	43
41	59	45
41	60	44	17
42	41	44
42	43	43
42	44	46
43	42	44
43	44	46
43	45	43
44	42	45
44	43	43
44	48	30
44	50	46
45	43	45
45	46	43
45	47	46
46	45	44	11
47	45	45	11
48	44	29	11
49	50	30	43
49	51	44
50	44	43
50	49	44	29
50	52	46
51	49	44
51	52	43
51	53	46
52	50	45
52	51	44
52	53	29
52	55	43
53	51	44
53	52	45
53	54	46
54	53	43	11
55	52	44
55	56	30
55	57	43
56	55	29	11
57	55	44
57	58	46
57	13	30	56
58	57	44	11
59	27	1
60	41	43	29
60	61	44
60	62	45	30
61	60	43	11
62	60	44
62	63	45
62	30	43
62	15	46
63	62	46	11
64	39	29	56	59
64	65	44
65	64	43
65	66	44
65	68	61
65	311	46
65	312	29
66	313	45
66	65	60
66	67	44
66	77	25
66	314	46
67	66	43
67	72	60
68	66	46
68	69	29
69	68	30
69	74	46
70	71	45
71	39	29
71	65	62
71	70	46
72	67	63
72	73	45
73	72	46
74	19	43
74	69	44
74	75	30
75	76	46
75	77	45
76	75	45
77	75	43
77	78	44
77	66	45
78	77	46
79	3	1